-1.14667 -06.05289 -0.25216 -0.00694 -0.01675 -7.18070
-0.14659 -00.95141 -0.40130 -0.00692 -0.01112 -3.04148
-0.16393 -00.67764 -0.30212 -0.00848 -0.01586 -3.36526
-0.18358 -04.53589 -0.22917 -0.03347 -0.01139 -4.43152
-0.14672 -01.41967 -0.39514 -0.00972 -0.01625 -3.01414
-0.14508 -02.32332 -0.30378 -0.00660 -0.01079 -3.20259
-0.13750 -01.99847 -0.23050 -0.00956 -0.01264 -3.19524
-0.12632 -02.10334 -0.20040 -0.00689 -0.01261 -3.02113
-0.12890 -02.13985 -0.27046 -0.00635 -0.00892 -2.91001
-0.14073 -01.59963 -0.22839 -0.00699 -0.01227 -2.92582
-0.14188 -01.36301 -0.23769 -0.00578 -0.00987 -3.15873
-0.14730 -00.71241 -0.20150 -0.00627 -0.01031 -3.01198
-0.13073 -01.52175 -0.20230 -0.00705 -0.01065 -19.07019
-0.12897 -12.91773 -0.21456 -0.00626 -0.01003 -25.83138
-0.14853 -08.37749 -0.26492 -0.00899 -0.01656 -18.20975
-0.12977 -03.43878 -0.18454 -0.00535 -0.00842 -19.45112
-0.19454 -10.18577 -0.19657 -0.00768 -0.01006 -14.84055
-0.11843 -06.24658 -0.18100 -0.00579 -0.00921 -20.75789
-0.12046 -03.75040 -0.21704 -0.00561 -0.01114 -20.89457
-0.27614 -14.46530 -0.27421 -0.00798 -0.01231 -22.77875
-0.15868 -04.12695 -0.22775 -0.00672 -0.01234 -21.79351
-0.26189 -13.66696 -0.22553 -0.00783 -0.01592 -17.62395
-0.12712 -06.81896 -0.23749 -0.00874 -0.01350 -18.86235
-0.13894 -10.49432 -0.21334 -0.00773 -0.01088 -15.98347
-0.11077 -07.55076 -0.34714 -0.01144 -0.02351 -17.02713
-0.15452 -11.60232 -0.22500 -0.00606 -0.00906 -17.27352
-0.14479 -10.25229 -0.30531 -0.00747 -0.01183 -15.16926
-0.13070 -10.27460 -0.19250 -0.00581 -0.00899 -15.00180
-0.20575 -07.11098 -0.26230 -0.00673 -0.01208 -19.00599
-0.12743 -09.73053 -0.19216 -0.00643 -0.01118 -14.99625
-0.11139 -06.61507 -0.18095 -0.00530 -0.00816 -17.46838
-0.22222 -10.27672 -0.20626 -0.00565 -0.01265 -16.58628